LSTM: [138.07529817340358]
RNN: [167.15812163547835]
Transformer: [222.80562280840016]
